1	0.000000  0.516022
2	0.014925  0.741436
3	0.043628  0.545856
4	0.056257  0.704972
5	0.066590  0.948066
6	0.106774  0.678453
7	0.113662  0.117127
8	0.130884  0.050829
9	0.132032  0.888398
10	0.166475  0.089503
11	0.168772  0.446409
12	0.238806  1.057459
13	0.273249  0.177901
14	0.296211  0.604420
15	0.297359  0.408840
16	0.303100  0.590055
17	0.320321  0.745856
18	0.323766  0.185635
19	0.374282  0.000000
20	0.393800  0.379006
21	0.425947  0.839779
22	0.433984  0.835359
23	0.487945  0.960221
24	0.553387  0.474033
25	0.590126  0.856354
26	0.611940  0.113812
27	0.633754  0.370166
28	0.645235  0.741436
29	0.659013  0.653039
30	0.669346  0.461878
31	0.675086  0.543646
32	0.683123  0.271823
33	0.688863  0.581215
34	0.743972  0.744751
35	0.753157  0.143646
36	0.756602  0.118232
37	0.758898  0.411050
38	0.766935  0.143646
39	0.780712  0.605525
40	0.794489  0.426519
41	0.884041  0.041989
42	0.893226  0.743646
43	0.901263  0.024309
44	0.931114  0.931492
45	0.939150  0.739227
46	0.946039  0.236464
47	0.970149  0.925967
48	0.978186  0.130387
49	0.989667  0.677348
50	1.000000  1.000000
