1	0.3745	0.9507	0.7320	0.5987	0.1560	0.1560	0.0581	0.8662	16.8383
2	0.6011	0.7081	0.0206	0.9699	0.8324	0.2123	0.1818	0.1834	28.1864
3	0.3042	0.5248	0.4319	0.2912	0.6119	0.1395	0.2921	0.3664	10.8722
4	0.4561	0.7852	0.1997	0.5142	0.5924	0.0465	0.6075	0.1705	18.9310
5	0.0651	0.9489	0.9656	0.8084	0.3046	0.0977	0.6842	0.4402	15.8704
6	0.1220	0.4952	0.0344	0.9093	0.2588	0.6625	0.3117	0.5201	16.6101
7	0.5467	0.1849	0.9696	0.7751	0.9395	0.8948	0.5979	0.9219	19.9809
8	0.0885	0.1960	0.0452	0.3253	0.3887	0.2713	0.8287	0.3568	9.8776
9	0.2809	0.5427	0.1409	0.8022	0.0746	0.9869	0.7722	0.1987	15.5821
10	0.0055	0.8155	0.7069	0.7290	0.7713	0.0740	0.3585	0.1159	12.1437
11	0.8631	0.6233	0.3309	0.0636	0.3110	0.3252	0.7296	0.6376	12.6913
12	0.8872	0.4722	0.1196	0.7132	0.7608	0.5613	0.7710	0.4938	23.5082
13	0.5227	0.4275	0.0254	0.1079	0.0314	0.6364	0.3144	0.5086	12.1989
14	0.9076	0.2493	0.4104	0.7556	0.2288	0.0770	0.2898	0.1612	15.3844
15	0.9297	0.8081	0.6334	0.8715	0.8037	0.1866	0.8926	0.5393	20.1309
16	0.8074	0.8961	0.3180	0.1101	0.2279	0.4271	0.8180	0.8607	10.5364
17	0.0070	0.5107	0.4174	0.2221	0.1199	0.3376	0.9429	0.3232	3.0684
18	0.5188	0.7030	0.3636	0.9718	0.9624	0.2518	0.4972	0.3009	24.0124
19	0.2848	0.0369	0.6096	0.5027	0.0515	0.2786	0.9083	0.2396	5.8543
20	0.1449	0.4895	0.9857	0.2421	0.6721	0.7616	0.2376	0.7282	12.7080
21	0.3678	0.6323	0.6335	0.5358	0.0903	0.8353	0.3208	0.1865	12.8388
22	0.0408	0.5909	0.6776	0.0166	0.5121	0.2265	0.6452	0.1744	4.1131
23	0.6909	0.3867	0.9367	0.1375	0.3411	0.1135	0.9247	0.8773	14.3381
24	0.2579	0.6600	0.8172	0.5552	0.5297	0.2419	0.0931	0.8972	15.3097
25	0.9004	0.6331	0.3390	0.3492	0.7260	0.8971	0.8871	0.7799	17.3989
26	0.6420	0.0841	0.1616	0.8986	0.6064	0.0092	0.1015	0.6635	15.9966
27	0.0051	0.1608	0.5487	0.6919	0.6520	0.2243	0.7122	0.2372	10.2518
28	0.3254	0.7465	0.6496	0.8492	0.6576	0.5683	0.0937	0.3677	19.1399
29	0.2652	0.2440	0.9730	0.3931	0.8920	0.6311	0.7948	0.5026	14.8848
30	0.5769	0.4925	0.1952	0.7225	0.2808	0.0243	0.6455	0.1771	18.2732
31	0.9405	0.9539	0.9149	0.3702	0.0155	0.9283	0.4282	0.9667	10.3969
32	0.9636	0.8530	0.2944	0.3851	0.8511	0.3169	0.1695	0.5568	14.2574
33	0.9362	0.6960	0.5701	0.0972	0.6150	0.9901	0.1401	0.5183	13.0322
34	0.8774	0.7408	0.6970	0.7025	0.3595	0.2936	0.8094	0.8101	18.5097
35	0.8671	0.9132	0.5113	0.5015	0.7983	0.6500	0.7020	0.7958	15.0924
36	0.8900	0.3380	0.3756	0.0940	0.5783	0.0359	0.4656	0.5426	12.2461
37	0.2865	0.5908	0.0305	0.0373	0.8226	0.3602	0.1271	0.5222	13.9665
38	0.7700	0.2158	0.6229	0.0853	0.0517	0.5314	0.5406	0.6374	6.4007
39	0.7261	0.9759	0.5163	0.3230	0.7952	0.2708	0.4390	0.0785	15.1400
40	0.0254	0.9626	0.8360	0.6960	0.4090	0.1733	0.1564	0.2502	12.0281
41	0.5492	0.7146	0.6602	0.2799	0.9549	0.7379	0.5544	0.6117	17.5218
42	0.4196	0.2477	0.3560	0.7578	0.0144	0.1161	0.0460	0.0407	11.2732
43	0.8555	0.7037	0.4742	0.0978	0.4916	0.4735	0.1732	0.4339	12.9412
44	0.3985	0.6159	0.6351	0.0453	0.3746	0.6259	0.5031	0.8565	9.6597
45	0.6587	0.1629	0.0706	0.6424	0.0265	0.5858	0.9402	0.5755	13.5531
46	0.3882	0.6433	0.4583	0.5456	0.9415	0.3861	0.9612	0.9054	17.2629
47	0.1958	0.0694	0.1008	0.0182	0.0944	0.6830	0.0712	0.3190	4.2685
48	0.8449	0.0233	0.8145	0.2819	0.1182	0.6967	0.6289	0.8775	6.0045
49	0.7351	0.8035	0.2820	0.1774	0.7506	0.8068	0.9905	0.4126	16.0752
50	0.3720	0.7764	0.3408	0.9308	0.8584	0.4290	0.7509	0.7545	21.9857
51	0.1031	0.9026	0.5053	0.8265	0.3200	0.8955	0.3892	0.0108	12.7479
52	0.9054	0.0913	0.3193	0.9501	0.9506	0.5734	0.6318	0.4484	17.4740
53	0.2932	0.3287	0.6725	0.7524	0.7916	0.7896	0.0912	0.4944	15.0583
54	0.0576	0.5495	0.4415	0.8877	0.3509	0.1171	0.1430	0.7615	11.6920
55	0.6182	0.1011	0.0841	0.7010	0.0728	0.8219	0.7062	0.0813	12.7842
56	0.0848	0.9866	0.3743	0.3706	0.8128	0.9472	0.9860	0.7534	10.6860
57	0.3763	0.0835	0.7771	0.5584	0.4242	0.9064	0.1112	0.4926	10.2268
58	0.0114	0.4687	0.0563	0.1188	0.1175	0.6492	0.7460	0.5834	5.8803
59	0.9622	0.3749	0.2857	0.8686	0.2236	0.9632	0.0122	0.9699	19.7798
60	0.0432	0.8911	0.5277	0.9930	0.0738	0.5539	0.9693	0.5231	11.5193
61	0.6294	0.6957	0.4545	0.6276	0.5843	0.9012	0.0454	0.2810	19.0488
62	0.9504	0.8903	0.4557	0.6201	0.2774	0.1881	0.4637	0.3534	12.2758
63	0.5837	0.0777	0.9744	0.9862	0.6982	0.5361	0.3095	0.8138	19.2745
64	0.6847	0.1626	0.9109	0.8225	0.9498	0.7257	0.6134	0.4182	19.7788
65	0.9327	0.8661	0.0452	0.0264	0.3765	0.8106	0.9873	0.1504	11.9603
66	0.5941	0.3809	0.9699	0.8421	0.8383	0.4687	0.4148	0.2734	23.5547
67	0.0564	0.8647	0.8129	0.9997	0.9966	0.5554	0.7690	0.9448	18.4640
68	0.8496	0.2473	0.4505	0.1292	0.9541	0.6062	0.2286	0.6717	12.2438
69	0.6181	0.3582	0.1136	0.6716	0.5203	0.7723	0.5202	0.8522	18.7119
70	0.5519	0.5609	0.8767	0.4035	0.1340	0.0288	0.7551	0.6203	15.8057
71	0.7041	0.2130	0.1364	0.0145	0.3506	0.5899	0.3922	0.4375	9.0812
72	0.9042	0.3483	0.5140	0.7837	0.3965	0.6221	0.8624	0.9495	18.1791
73	0.1471	0.9266	0.4921	0.2582	0.4591	0.9800	0.4926	0.3288	9.0310
74	0.6334	0.2401	0.0759	0.1289	0.1280	0.1519	0.1388	0.6409	10.1257
75	0.1819	0.3457	0.8968	0.4740	0.6676	0.1723	0.1923	0.0409	13.1885
76	0.1689	0.2786	0.1770	0.0887	0.1206	0.4608	0.2063	0.3643	5.0498
77	0.5034	0.6904	0.0393	0.7994	0.6279	0.0818	0.8736	0.9209	24.2532
78	0.0611	0.2769	0.8062	0.7483	0.1845	0.2093	0.3705	0.4845	10.8114
79	0.6183	0.3689	0.4625	0.7475	0.0367	0.2524	0.7133	0.8952	14.2540
80	0.5117	0.5321	0.1072	0.4474	0.5326	0.2425	0.2692	0.3773	17.7716
81	0.0201	0.3221	0.2114	0.3275	0.1198	0.8905	0.5936	0.6791	5.7421
82	0.7892	0.4984	0.0869	0.5371	0.5868	0.7454	0.4317	0.1276	21.1620
83	0.2838	0.3631	0.6459	0.5708	0.3561	0.9865	0.6058	0.2372	11.0948
84	0.1018	0.1529	0.2460	0.1607	0.1866	0.2851	0.1734	0.8968	4.3190
85	0.0802	0.5245	0.4104	0.9824	0.1120	0.3979	0.9695	0.8655	11.8628
86	0.8171	0.2579	0.1709	0.6686	0.9294	0.5568	0.5716	0.2800	19.6467
87	0.7695	0.1870	0.3237	0.4254	0.5076	0.2424	0.1148	0.6106	11.7833
88	0.2886	0.5812	0.1544	0.4811	0.5326	0.0518	0.3366	0.1344	14.8935
89	0.0634	0.9900	0.3224	0.8099	0.2546	0.6815	0.7602	0.5956	11.9614
90	0.4716	0.4118	0.3489	0.9295	0.8306	0.9650	0.1243	0.7309	19.6350
91	0.9383	0.1812	0.0665	0.7411	0.5745	0.8418	0.1398	0.7953	19.1341
92	0.2016	0.1637	0.1643	0.8146	0.6652	0.5231	0.3588	0.8772	14.7609
93	0.3924	0.8166	0.4391	0.3769	0.4627	0.3014	0.7476	0.5027	14.6081
94	0.2322	0.8996	0.3839	0.5436	0.9065	0.6242	0.1169	0.9398	16.3391
95	0.6277	0.3349	0.1393	0.7940	0.6201	0.5335	0.8939	0.7886	19.7777
96	0.1517	0.3117	0.2485	0.7439	0.0335	0.5699	0.7625	0.8768	10.3522
97	0.3421	0.8213	0.1106	0.8465	0.1275	0.3973	0.7973	0.1499	19.8580
98	0.2293	0.7223	0.7200	0.6411	0.6939	0.5427	0.2518	0.3457	15.8199
99	0.1816	0.9085	0.5834	0.4009	0.4620	0.9473	0.1534	0.5862	11.4115
100	0.5059	0.6115	0.0181	0.8721	0.9321	0.5651	0.6967	0.9225	26.2851
101	0.7072	0.1525	0.5763	0.6067	0.4241	0.7364	0.9344	0.9256	11.6289
102	0.4508	0.1132	0.9848	0.8389	0.1247	0.9208	0.8699	0.5188	15.3107
103	0.5913	0.3990	0.0548	0.3352	0.8029	0.0046	0.3335	0.3982	18.0825
104	0.5374	0.9199	0.3463	0.3470	0.7375	0.4522	0.2246	0.4524	17.6276
105	0.1409	0.1764	0.4984	0.4189	0.9148	0.3624	0.5806	0.6323	9.5433
106	0.0131	0.6635	0.1780	0.9611	0.1487	0.4146	0.0853	0.9969	12.7002
107	0.5022	0.5954	0.0671	0.7500	0.2099	0.8981	0.2051	0.1907	20.3692
108	0.0365	0.4721	0.5648	0.0657	0.7755	0.4533	0.5244	0.4408	5.1606
109	0.4008	0.5596	0.1552	0.1819	0.8618	0.9461	0.3733	0.2707	14.9827
110	0.6440	0.4087	0.0254	0.1562	0.7160	0.6589	0.0271	0.2220	17.0052
111	0.2311	0.6719	0.0197	0.1041	0.7999	0.1785	0.6527	0.2382	14.3407
112	0.0994	0.2432	0.7223	0.8557	0.8302	0.3972	0.6681	0.2050	14.4551
113	0.2931	0.8963	0.0130	0.0855	0.2079	0.0265	0.1814	0.5830	13.9866
114	0.4214	0.8927	0.8174	0.3418	0.2594	0.3797	0.5903	0.2681	15.9838
115	0.6241	0.4094	0.5520	0.4361	0.2945	0.9485	0.7636	0.1401	13.0807
116	0.8685	0.4874	0.8946	0.7999	0.4252	0.0225	0.2687	0.5416	22.9493
117	0.6335	0.2579	0.1394	0.8349	0.9844	0.5257	0.1717	0.2723	20.7825
118	0.0184	0.9143	0.1178	0.5765	0.2741	0.5542	0.6514	0.8297	10.5857
119	0.2064	0.0110	0.1369	0.9000	0.8739	0.5974	0.6005	0.6650	16.0780
120	0.1754	0.9144	0.4188	0.3831	0.5189	0.0470	0.1663	0.7380	11.3854
121	0.0828	0.6032	0.2453	0.3893	0.2887	0.3557	0.7190	0.2971	8.1959
122	0.5664	0.4761	0.6637	0.9368	0.7326	0.2149	0.0312	0.2623	21.0605
123	0.5951	0.0514	0.4964	0.5968	0.3342	0.7709	0.1066	0.0751	8.5998
124	0.7282	0.4955	0.6884	0.4348	0.2464	0.8191	0.7994	0.6947	15.3493
125	0.2721	0.5902	0.3610	0.0916	0.9173	0.1368	0.9502	0.4460	10.7238
126	0.1851	0.5419	0.8729	0.7322	0.8066	0.6588	0.6923	0.8492	17.2367
127	0.2497	0.4894	0.2212	0.9877	0.9441	0.0394	0.7056	0.9252	19.8967
128	0.1806	0.5679	0.9155	0.0339	0.6974	0.2973	0.9244	0.9711	10.4456
129	0.9443	0.4742	0.8620	0.8445	0.3191	0.8289	0.0370	0.5963	22.5283
130	0.2300	0.1206	0.0770	0.6963	0.3399	0.7248	0.0654	0.3153	13.1117
131	0.5395	0.7907	0.3188	0.6259	0.8860	0.6159	0.2330	0.0244	21.0810
132	0.8701	0.0213	0.8747	0.5289	0.9391	0.7988	0.9979	0.3507	13.3738
133	0.7672	0.4019	0.4799	0.6275	0.8737	0.9841	0.7683	0.4178	18.8932
134	0.4214	0.7376	0.2388	0.1105	0.3546	0.2872	0.2963	0.2336	12.5273
135	0.0421	0.0179	0.9877	0.4278	0.3843	0.6796	0.2183	0.9500	10.9805
136	0.7863	0.0894	0.4176	0.8791	0.9447	0.4674	0.6134	0.1670	15.8416
137	0.9912	0.2317	0.9427	0.6496	0.6077	0.5127	0.2307	0.1765	20.0597
138	0.2205	0.1864	0.7796	0.3501	0.0578	0.9691	0.8838	0.9278	6.6416
139	0.9949	0.1739	0.3962	0.7582	0.6960	0.1539	0.8158	0.2244	16.4494
140	0.2238	0.5370	0.5929	0.5801	0.0915	0.8775	0.2656	0.1295	10.1177
141	0.8887	0.9557	0.8621	0.8095	0.6552	0.5509	0.0870	0.4085	18.5527
142	0.3727	0.2598	0.7234	0.4959	0.0810	0.2202	0.6833	0.0761	9.3569
143	0.8512	0.4951	0.4806	0.5924	0.8247	0.3478	0.6780	0.5657	19.7522
144	0.2670	0.8786	0.7974	0.6585	0.8506	0.8673	0.7084	0.8370	19.3279
145	0.6975	0.6801	0.6186	0.7527	0.1586	0.8809	0.8718	0.0292	18.5692
146	0.8258	0.1289	0.3351	0.7435	0.1608	0.8180	0.8321	0.5075	12.0640
147	0.0064	0.2870	0.6169	0.9812	0.6318	0.2598	0.6340	0.5400	13.3020
148	0.7798	0.1070	0.7610	0.5413	0.9630	0.3419	0.6326	0.9320	14.1814
149	0.1025	0.9372	0.6879	0.0678	0.3010	0.7082	0.0674	0.5822	5.8619
150	0.3459	0.6209	0.0457	0.8715	0.9735	0.9689	0.7497	0.1301	23.9565
151	0.7583	0.0246	0.0221	0.3236	0.4886	0.7704	0.6833	0.4459	10.8320
152	0.2736	0.9971	0.4262	0.4514	0.1636	0.7948	0.6937	0.2208	13.0008
153	0.0824	0.6805	0.6545	0.2733	0.9509	0.1511	0.4323	0.9436	9.7165
154	0.4197	0.6385	0.3976	0.2742	0.9840	0.4093	0.8941	0.2300	15.3313
155	0.2131	0.0311	0.6517	0.3685	0.8644	0.4732	0.9682	0.1855	8.6755
156	0.8686	0.7766	0.7709	0.8448	0.7610	0.6262	0.1312	0.0325	22.2544
157	0.9208	0.6167	0.7965	0.4815	0.1173	0.1252	0.6856	0.4303	16.9342
158	0.2005	0.4916	0.0642	0.5820	0.2690	0.7976	0.3104	0.4552	14.0106
159	0.0116	0.0724	0.3925	0.4799	0.6000	0.2917	0.6950	0.8601	8.0571
160	0.7799	0.0396	0.4805	0.1049	0.2420	0.9867	0.1425	0.4989	3.2363
161	0.6182	0.7025	0.5596	0.0098	0.3265	0.5177	0.0879	0.3506	11.5885
162	0.0332	0.0786	0.3969	0.1327	0.5675	0.6895	0.8006	0.2002	4.4593
163	0.1675	0.1046	0.6364	0.7065	0.0316	0.9362	0.0520	0.5413	8.1449
164	0.7091	0.8710	0.7141	0.8017	0.3395	0.8148	0.0801	0.8948	19.9568
165	0.5476	0.8173	0.4523	0.6436	0.5264	0.7316	0.0816	0.0604	18.9778
166	0.2471	0.1595	0.8718	0.2192	0.9759	0.3369	0.1821	0.7897	11.0713
167	0.6587	0.4982	0.5554	0.7192	0.2285	0.9963	0.9748	0.6503	16.9735
168	0.1995	0.6802	0.0722	0.0307	0.2577	0.4626	0.8683	0.7272	9.3914
169	0.7427	0.4255	0.3459	0.3710	0.9876	0.0401	0.8670	0.5787	17.4989
170	0.4386	0.7253	0.4867	0.8734	0.9007	0.4217	0.2768	0.5924	21.6526
171	0.9124	0.2107	0.6230	0.6316	0.7331	0.1316	0.7158	0.9090	15.9615
172	0.1797	0.2375	0.9714	0.1810	0.8544	0.4923	0.2472	0.8707	11.8629
173	0.4453	0.5148	0.3592	0.5930	0.1635	0.3911	0.9694	0.2581	13.7389
174	0.6567	0.3252	0.7735	0.1309	0.9698	0.4538	0.2361	0.0735	13.8708
175	0.1698	0.5198	0.3370	0.8289	0.4309	0.2487	0.6171	0.7068	13.7113
176	0.1670	0.1676	0.0367	0.7364	0.6638	0.4746	0.8442	0.8057	15.8550
177	0.5854	0.8683	0.2058	0.1119	0.2697	0.0571	0.5312	0.9366	14.1952
178	0.0393	0.1221	0.4522	0.9339	0.3162	0.5072	0.0416	0.1483	11.1162
179	0.9866	0.9651	0.0049	0.9518	0.6391	0.8679	0.4547	0.5156	19.1110
180	0.4888	0.6669	0.1397	0.0300	0.3079	0.7047	0.2019	0.6734	12.9791
181	0.9699	0.0939	0.6726	0.4438	0.8681	0.1771	0.6926	0.8381	12.1964
182	0.9446	0.6832	0.4972	0.6178	0.8689	0.5706	0.0304	0.9309	19.4978
183	0.6895	0.6765	0.2157	0.6589	0.3939	0.6512	0.1066	0.6578	20.1196
184	0.9994	0.0482	0.9772	0.4069	0.8708	0.7824	0.5670	0.7384	14.4847
185	0.8785	0.4041	0.3270	0.6676	0.8078	0.7623	0.7978	0.4356	20.2944
186	0.8178	0.1202	0.5445	0.0058	0.3246	0.3665	0.3962	0.6955	4.7598
187	0.3886	0.4487	0.2375	0.3733	0.2273	0.0732	0.6034	0.6682	11.4539
188	0.6195	0.4635	0.3798	0.8633	0.5191	0.4792	0.0256	0.3412	19.3637
189	0.3802	0.3988	0.5802	0.5336	0.6079	0.7649	0.8130	0.7181	13.0896
190	0.9555	0.0182	0.1958	0.0076	0.6475	0.8980	0.2435	0.9270	5.7111
191	0.0603	0.9344	0.3516	0.1014	0.4859	0.2568	0.2849	0.3073	5.6439
192	0.8030	0.5392	0.3113	0.6103	0.7162	0.2726	0.4135	0.1219	20.1752
193	0.1811	0.6811	0.1814	0.5252	0.7090	0.1069	0.5673	0.2566	14.6064
194	0.9629	0.4835	0.8060	0.5502	0.0434	0.6332	0.9514	0.6016	17.5337
195	0.8192	0.8842	0.2281	0.2120	0.6110	0.4110	0.8399	0.9000	14.2718
196	0.3534	0.2369	0.7805	0.2748	0.8226	0.4237	0.6675	0.0955	11.0348
197	0.6239	0.4518	0.5866	0.1680	0.7369	0.8628	0.2167	0.0957	13.2564
198	0.0236	0.6420	0.6071	0.5467	0.2319	0.3909	0.5945	0.4968	7.3327
199	0.9878	0.1364	0.6951	0.4043	0.4282	0.7176	0.6924	0.9913	11.0545
200	0.1284	0.1041	0.7243	0.5784	0.2742	0.0794	0.0857	0.8942	8.5810
201	0.1919	0.3234	0.2267	0.3550	0.0694	0.5191	0.0676	0.8004	7.3283
202	0.2337	0.5400	0.8801	0.6509	0.5330	0.3243	0.3330	0.6695	15.9246
203	0.9941	0.6618	0.5578	0.7307	0.4652	0.0601	0.5623	0.9576	18.4931
204	0.1753	0.6900	0.2009	0.5358	0.0967	0.4504	0.7562	0.3476	11.3397
205	0.6649	0.7954	0.9272	0.2346	0.3993	0.1524	0.9925	0.9270	17.9514
206	0.5400	0.8420	0.5210	0.6236	0.0891	0.7553	0.1277	0.8261	16.5890
207	0.7820	0.7087	0.0362	0.3031	0.2631	0.3601	0.0876	0.9370	18.5049
208	0.5538	0.3055	0.3970	0.4472	0.6006	0.5157	0.9194	0.4970	12.7560
209	0.9922	0.8514	0.2085	0.9306	0.1164	0.8174	0.3806	0.8780	16.2734
210	0.8681	0.8059	0.7900	0.3047	0.0809	0.4030	0.1735	0.6950	13.2315
211	0.3461	0.9756	0.6410	0.8225	0.1325	0.8620	0.9228	0.4871	18.0123
212	0.6063	0.7648	0.1748	0.5026	0.3987	0.1464	0.3675	0.0682	19.0685
213	0.0258	0.1352	0.9631	0.5495	0.9658	0.4325	0.3118	0.5061	14.7235
214	0.4395	0.1057	0.6408	0.2160	0.6196	0.6502	0.1520	0.0613	7.1088
215	0.7808	0.4598	0.0582	0.9949	0.0578	0.6950	0.9837	0.2392	23.1767
216	0.1422	0.1214	0.3033	0.1010	0.6922	0.0623	0.5094	0.9967	5.7875
217	0.8140	0.6152	0.3063	0.6239	0.5270	0.4261	0.1307	0.8866	19.6249
218	0.4498	0.1946	0.3678	0.4141	0.8275	0.7336	0.7693	0.0110	11.3443
219	0.4162	0.4813	0.0192	0.2598	0.7603	0.1371	0.5353	0.2152	16.9089
220	0.0121	0.2412	0.9759	0.8015	0.9596	0.4879	0.1097	0.5480	17.4342
221	0.4544	0.8444	0.0981	0.4882	0.1500	0.3247	0.7374	0.4760	18.2028
222	0.3759	0.3945	0.4594	0.7850	0.8921	0.9553	0.7869	0.3154	16.8351
223	0.6881	0.4376	0.2547	0.8409	0.0384	0.9018	0.4615	0.6372	17.9156
224	0.6594	0.8951	0.6367	0.6139	0.0667	0.5184	0.1502	0.7374	16.4474
225	0.5122	0.6802	0.0417	0.0848	0.7163	0.0721	0.0713	0.0121	17.5183
226	0.9565	0.7375	0.3533	0.2965	0.3497	0.7747	0.6614	0.1852	13.1333
227	0.1741	0.0984	0.6603	0.7644	0.2650	0.0209	0.0822	0.9679	10.0208
228	0.2954	0.7692	0.6247	0.3819	0.2057	0.1214	0.6150	0.7746	11.7070
229	0.6439	0.5303	0.0420	0.9685	0.7987	0.2928	0.9800	0.6019	26.6598
230	0.5824	0.7481	0.8118	0.6565	0.1281	0.3383	0.9281	0.2246	18.9459
231	0.3722	0.4321	0.4394	0.6129	0.9431	0.2407	0.1215	0.1975	15.7579
232	0.8869	0.6458	0.2859	0.8159	0.8614	0.8465	0.9189	0.2522	23.1227
233	0.7550	0.4605	0.8420	0.7285	0.7764	0.6562	0.1774	0.5450	22.3838
234	0.9847	0.9374	0.0432	0.1648	0.1317	0.7260	0.8178	0.2135	8.8756
235	0.5059	0.8407	0.7328	0.5422	0.5903	0.5084	0.2975	0.5650	19.1837
236	0.6889	0.8733	0.6363	0.7611	0.1601	0.4616	0.0093	0.2467	18.2778
237	0.7265	0.9918	0.0992	0.4015	0.8001	0.2040	0.5551	0.7331	18.9233
238	0.6160	0.1880	0.3554	0.7838	0.5542	0.0052	0.7610	0.0353	14.5862
239	0.7457	0.2025	0.9581	0.3679	0.3269	0.1489	0.3056	0.8767	14.0785
240	0.9963	0.3683	0.4486	0.7221	0.8862	0.5930	0.3915	0.4126	20.8437
241	0.6956	0.0032	0.6196	0.3555	0.7942	0.0930	0.5882	0.4810	7.8823
242	0.6423	0.0649	0.5800	0.5615	0.5607	0.6035	0.6765	0.8050	9.8511
243	0.2698	0.8250	0.4983	0.0771	0.0586	0.3342	0.7849	0.7077	7.5007
244	0.7886	0.5173	0.4402	0.1475	0.3282	0.4340	0.0886	0.2206	12.7716
245	0.5982	0.7357	0.9983	0.9331	0.6426	0.4212	0.6362	0.7857	27.3344
246	0.1183	0.4099	0.8398	0.3838	0.5719	0.5878	0.1845	0.3622	10.5250
247	0.3345	0.0262	0.0242	0.8317	0.2731	0.5181	0.2987	0.9407	14.4855
248	0.2593	0.4297	0.8727	0.8419	0.1861	0.8026	0.4582	0.4830	15.5574
249	0.1335	0.0806	0.7279	0.4965	0.4369	0.7295	0.7655	0.1589	8.5259
250	0.6102	0.1354	0.7514	0.6570	0.9566	0.0690	0.0571	0.2822	15.1822
251	0.2617	0.2470	0.9063	0.2495	0.2719	0.7594	0.4497	0.7767	9.1727
252	0.0654	0.4876	0.0336	0.0627	0.9064	0.1392	0.5324	0.4111	10.5086
253	0.3473	0.8998	0.0218	0.6638	0.9634	0.5602	0.9368	0.0523	24.3435
254	0.4188	0.2602	0.7308	0.9813	0.2565	0.6542	0.1981	0.5653	15.5176
255	0.4639	0.9720	0.6085	0.3495	0.1141	0.1512	0.2253	0.2510	14.1826
256	0.8506	0.5612	0.5234	0.1148	0.8601	0.7228	0.0677	0.7078	15.4341
257	0.5435	0.0817	0.4583	0.4847	0.1658	0.9457	0.8500	0.6690	7.1016
258	0.4623	0.4118	0.6510	0.5454	0.0623	0.5125	0.8064	0.4592	11.8517
259	0.0520	0.7863	0.2014	0.2586	0.1647	0.3302	0.7568	0.5194	6.4733
260	0.2049	0.8778	0.8796	0.8706	0.2388	0.4512	0.9850	0.7720	18.1357
261	0.0272	0.0652	0.4639	0.9092	0.5387	0.4978	0.1055	0.6568	11.8674
262	0.8221	0.3804	0.7756	0.9645	0.2038	0.5233	0.2871	0.7929	20.5018
263	0.5776	0.6346	0.7979	0.3960	0.9151	0.5330	0.1580	0.6959	19.4439
264	0.7933	0.3168	0.8572	0.9061	0.2769	0.9835	0.1407	0.2020	20.0968
265	0.1842	0.8940	0.6543	0.1521	0.4403	0.6153	0.0835	0.8824	9.1450
266	0.8036	0.5052	0.9671	0.4178	0.9841	0.6679	0.6347	0.1660	23.0293
267	0.8819	0.4275	0.1622	0.0126	0.5598	0.5274	0.7194	0.8903	14.4694
268	0.0794	0.7315	0.1874	0.8582	0.8191	0.5408	0.7102	0.3144	16.4460
269	0.4712	0.8216	0.4593	0.3578	0.4942	0.8282	0.3352	0.1738	15.4601
270	0.7120	0.8260	0.1006	0.2399	0.1420	0.3479	0.4504	0.7488	15.9178
271	0.6511	0.6209	0.3524	0.8414	0.4713	0.9791	0.6341	0.1263	20.7584
272	0.6762	0.3251	0.6863	0.0696	0.1749	0.8557	0.2272	0.8370	8.6353
273	0.2793	0.6429	0.6942	0.5127	0.3053	0.2126	0.0332	0.3039	12.7531
274	0.6532	0.9383	0.8712	0.7661	0.7884	0.6650	0.2603	0.9072	23.7367
275	0.6707	0.5604	0.1110	0.4471	0.4604	0.8646	0.5466	0.3804	19.0486
276	0.9768	0.1107	0.4225	0.0420	0.7399	0.9181	0.2800	0.8583	7.5724
277	0.2922	0.9108	0.7540	0.8049	0.0180	0.9628	0.7267	0.3048	16.8495
278	0.8294	0.2815	0.8728	0.1126	0.7037	0.5407	0.0965	0.2419	14.1182
279	0.0124	0.4688	0.3013	0.5984	0.2972	0.2999	0.7432	0.0481	8.4423
280	0.9029	0.8523	0.6678	0.5932	0.8923	0.1853	0.0790	0.2395	17.5817
281	0.7946	0.0347	0.5828	0.9954	0.8557	0.5214	0.0636	0.8314	15.2344
282	0.5990	0.1149	0.0939	0.9096	0.6692	0.8293	0.8790	0.5718	17.8872
283	0.5174	0.4304	0.3169	0.4346	0.7739	0.6019	0.8925	0.4434	15.3255
284	0.6071	0.6313	0.5917	0.7026	0.2374	0.5124	0.1042	0.3845	17.7167
285	0.4877	0.6522	0.9505	0.6007	0.7436	0.5063	0.6341	0.0709	22.1947
286	0.2544	0.3619	0.4725	0.0456	0.1400	0.2768	0.9715	0.3313	4.0235
287	0.4820	0.1961	0.6108	0.2807	0.2070	0.5166	0.0055	0.0077	7.0134
288	0.2191	0.0367	0.1080	0.3389	0.8026	0.5720	0.5127	0.2935	10.7271
289	0.9318	0.3970	0.0871	0.6171	0.1138	0.3452	0.5074	0.8742	19.3263
290	0.4935	0.7023	0.9928	0.1315	0.2747	0.3946	0.4218	0.4110	16.4069
291	0.9076	0.7140	0.6079	0.3094	0.8238	0.9551	0.8212	0.0016	16.3831
292	0.6364	0.0511	0.2576	0.0595	0.6038	0.6866	0.1145	0.3838	5.8099
293	0.4562	0.3691	0.1210	0.4189	0.7512	0.0710	0.0802	0.3548	15.8642
294	0.9417	0.6686	0.6787	0.3619	0.5937	0.0101	0.6361	0.9133	16.4083
295	0.6126	0.8737	0.7240	0.1206	0.9025	0.0664	0.5340	0.1421	16.6600
296	0.0117	0.4220	0.2950	0.4860	0.5772	0.0437	0.1230	0.5586	8.7414
297	0.3432	0.7292	0.6523	0.8456	0.6925	0.4299	0.6730	0.2754	19.4585
298	0.3063	0.7890	0.4464	0.7984	0.8224	0.8576	0.9166	0.4310	19.0371
299	0.3189	0.5822	0.3712	0.6011	0.7056	0.6884	0.3746	0.1669	15.3777
300	0.4305	0.1426	0.8901	0.3459	0.1545	0.0254	0.6458	0.6369	9.1913
301	0.3406	0.0717	0.4096	0.3112	0.6771	0.6058	0.3646	0.2179	7.4277
302	0.9880	0.4540	0.6883	0.1406	0.4856	0.0275	0.5055	0.9640	14.4122
303	0.3842	0.0390	0.0310	0.3880	0.1600	0.0234	0.7562	0.4585	9.5506
304	0.2892	0.9001	0.1161	0.9559	0.3140	0.8884	0.6029	0.8267	21.3731
305	0.9840	0.2884	0.9611	0.3895	0.3855	0.3404	0.5414	0.1541	17.8559
306	0.5537	0.5417	0.7619	0.8336	0.4404	0.3023	0.2593	0.1946	19.9998
307	0.0576	0.3424	0.2702	0.9664	0.5577	0.3473	0.5805	0.1392	14.1282
308	0.4440	0.6262	0.4889	0.4018	0.9938	0.8803	0.6234	0.5694	16.6559
309	0.6207	0.2013	0.3951	0.0395	0.4755	0.5430	0.2277	0.9640	6.8175
310	0.9095	0.7221	0.5334	0.8700	0.1307	0.7905	0.1248	0.7942	18.1869
311	0.2758	0.8771	0.9440	0.1488	0.4627	0.9810	0.4834	0.8635	14.6331
312	0.5887	0.3753	0.2858	0.2032	0.7618	0.3865	0.5113	0.4923	13.1567
313	0.5773	0.8656	0.9807	0.4076	0.8275	0.7645	0.5735	0.9560	22.8356
314	0.2005	0.1093	0.8540	0.4391	0.8470	0.8931	0.0625	0.8835	11.8197
315	0.4483	0.5104	0.6266	0.9264	0.0191	0.4768	0.6877	0.7227	16.2656
316	0.6925	0.1344	0.2994	0.3587	0.8044	0.2788	0.2107	0.9574	11.2975
317	0.0089	0.9978	0.6768	0.8285	0.2946	0.0143	0.7379	0.8341	10.6609
318	0.7405	0.1429	0.7534	0.7689	0.6585	0.7661	0.8459	0.6136	15.5287
319	0.0886	0.4876	0.0776	0.4075	0.4071	0.0660	0.3488	0.1110	11.0318
320	0.8082	0.9477	0.0723	0.9551	0.5226	0.2996	0.0769	0.5006	22.5302
321	0.7945	0.7071	0.0502	0.0729	0.4029	0.2953	0.2324	0.2810	16.6015
322	0.8035	0.9292	0.4051	0.9061	0.3215	0.4764	0.2260	0.6405	17.9945
323	0.9790	0.6035	0.3578	0.6478	0.1229	0.8887	0.5031	0.4493	17.0929
324	0.5859	0.6248	0.0718	0.6826	0.2419	0.7140	0.8225	0.8040	20.8308
325	0.5525	0.5202	0.1429	0.7753	0.2714	0.4967	0.2843	0.1338	19.5124
326	0.6296	0.0543	0.7486	0.3176	0.0001	0.5111	0.0469	0.2762	5.4856
327	0.7070	0.0627	0.8393	0.0038	0.2468	0.7409	0.3163	0.1019	4.9632
328	0.3602	0.2704	0.8427	0.3133	0.7889	0.8919	0.4338	0.9099	12.4397
329	0.3773	0.9641	0.0893	0.6870	0.4938	0.3876	0.6327	0.7039	21.8109
330	0.0044	0.1670	0.7130	0.6664	0.9660	0.7610	0.9508	0.7025	12.4247
331	0.2981	0.1054	0.7818	0.6441	0.0482	0.3601	0.9568	0.5004	9.2559
332	0.4327	0.4577	0.2089	0.3687	0.3698	0.0524	0.7676	0.4165	13.0596
333	0.8222	0.8503	0.2120	0.6574	0.4723	0.8802	0.2157	0.6778	18.6999
334	0.6078	0.2953	0.1366	0.6516	0.7386	0.3156	0.6448	0.3951	18.1948
335	0.7132	0.1992	0.8902	0.2874	0.3678	0.0581	0.1115	0.5159	12.0753
336	0.2676	0.8355	0.0147	0.3791	0.3373	0.0193	0.1244	0.4136	16.6483
337	0.4929	0.4043	0.5309	0.5951	0.0099	0.4641	0.9635	0.5190	11.8791
338	0.6775	0.3119	0.7740	0.7729	0.5213	0.9760	0.1256	0.0169	17.9984
339	0.7702	0.8072	0.1202	0.2656	0.0176	0.2933	0.7731	0.5180	14.9071
340	0.3481	0.3717	0.0014	0.2998	0.6465	0.9742	0.8471	0.0236	15.1575
341	0.8986	0.7832	0.7804	0.4580	0.3980	0.3029	0.0657	0.2282	16.1625
342	0.2466	0.4841	0.7474	0.4738	0.0578	0.9578	0.9427	0.7852	9.9149
343	0.9913	0.5445	0.9628	0.0756	0.3657	0.2254	0.1958	0.1408	16.7896
344	0.6224	0.7813	0.5783	0.1470	0.8111	0.6360	0.3882	0.6741	15.6386
345	0.2599	0.3452	0.9175	0.2905	0.4700	0.8901	0.7077	0.0622	11.5223
346	0.1473	0.0078	0.6309	0.4477	0.1343	0.9579	0.5297	0.2419	5.5272
347	0.5006	0.6796	0.0762	0.2747	0.8070	0.4597	0.5466	0.4328	19.1397
348	0.0439	0.1657	0.4455	0.2092	0.0500	0.8436	0.9812	0.7931	2.6296
349	0.8538	0.2420	0.9606	0.1969	0.9514	0.9948	0.7117	0.9811	17.0142
350	0.5695	0.2595	0.4370	0.5936	0.0731	0.6223	0.9812	0.1901	10.8592
351	0.7926	0.9079	0.9437	0.9601	0.5215	0.9773	0.7573	0.1617	23.8593
352	0.4769	0.7183	0.2473	0.6406	0.6666	0.1627	0.5651	0.7716	19.8176
353	0.4989	0.0121	0.0090	0.3570	0.9262	0.2287	0.6344	0.2221	13.2118
354	0.3217	0.8480	0.7289	0.0954	0.4287	0.0292	0.4809	0.6624	11.7038
355	0.1185	0.2889	0.3978	0.9195	0.9933	0.0449	0.7610	0.3717	15.4437
356	0.3925	0.7543	0.9184	0.9509	0.5771	0.3571	0.7875	0.2510	23.9125
357	0.5641	0.3586	0.6566	0.2404	0.1916	0.9182	0.1018	0.5060	9.7879
358	0.2209	0.0389	0.0360	0.1752	0.8668	0.2825	0.9505	0.5816	10.6617
359	0.4366	0.5801	0.5167	0.7588	0.2825	0.3531	0.8941	0.9465	16.1493
360	0.8926	0.4194	0.7804	0.4763	0.4975	0.2047	0.5911	0.1861	18.0545
361	0.3316	0.8550	0.2071	0.0712	0.0690	0.9408	0.5069	0.4094	10.5474
362	0.8109	0.8358	0.3322	0.6936	0.7711	0.6547	0.1516	0.8759	19.8359
363	0.5391	0.2825	0.4252	0.0376	0.1279	0.7655	0.0000	0.4166	5.7305
364	0.5225	0.0546	0.9731	0.2261	0.3042	0.3039	0.2304	0.0015	9.1539
365	0.7293	0.9668	0.2243	0.6630	0.7419	0.8484	0.4226	0.3029	19.8540
366	0.3253	0.7126	0.8168	0.1816	0.3709	0.9019	0.8067	0.9849	12.3335
367	0.7542	0.3932	0.5906	0.6610	0.0785	0.5445	0.7093	0.1673	15.1930
368	0.7806	0.5838	0.9522	0.0424	0.2653	0.6016	0.2966	0.7144	15.7443
369	0.7590	0.1025	0.5139	0.5089	0.3693	0.9329	0.8275	0.6972	9.3594
370	0.7143	0.4617	0.9210	0.6946	0.7290	0.8617	0.2741	0.8071	22.7401
371	0.1952	0.3453	0.3356	0.9785	0.8565	0.7012	0.7271	0.5621	16.7108
372	0.9471	0.4963	0.3805	0.1630	0.7862	0.7344	0.3844	0.0252	15.8025
373	0.8390	0.0114	0.7037	0.9703	0.4377	0.2350	0.7049	0.8171	13.0217
374	0.5464	0.9670	0.0517	0.5048	0.7185	0.8626	0.1793	0.8000	22.6204
375	0.5527	0.3966	0.1317	0.8653	0.1573	0.3098	0.2900	0.8714	18.5063
376	0.6727	0.7967	0.2505	0.6249	0.5717	0.8328	0.9061	0.0122	20.2892
377	0.6740	0.0518	0.5489	0.2876	0.3068	0.3530	0.6213	0.3340	5.5534
378	0.7327	0.4045	0.0684	0.7838	0.2858	0.4328	0.6854	0.3325	21.0159
379	0.0566	0.3739	0.9444	0.6417	0.6715	0.6323	0.1990	0.4183	14.3897
380	0.7509	0.1014	0.2779	0.2763	0.4320	0.9804	0.0675	0.5187	8.2791
381	0.1794	0.9707	0.1133	0.4036	0.7379	0.7046	0.4227	0.3465	15.9171
382	0.3976	0.2643	0.2053	0.4830	0.2685	0.2875	0.6568	0.9685	11.1512
383	0.6036	0.0770	0.0756	0.9514	0.2973	0.0921	0.5990	0.6236	16.0579
384	0.6485	0.2674	0.0151	0.9650	0.2509	0.6760	0.7066	0.6100	20.7893
385	0.3129	0.2711	0.5977	0.8661	0.9467	0.1059	0.1548	0.9447	16.2189
386	0.7365	0.8830	0.2026	0.5876	0.7011	0.6801	0.4082	0.0154	20.0551
387	0.5829	0.2531	0.4503	0.9576	0.3990	0.8398	0.1885	0.6725	16.0914
388	0.9770	0.1019	0.0083	0.4336	0.0926	0.7484	0.9145	0.4340	12.7107
389	0.2587	0.4344	0.7234	0.0091	0.5895	0.6133	0.6377	0.2420	7.4942
390	0.7141	0.0914	0.1993	0.8775	0.7387	0.0137	0.2484	0.2144	16.3129
391	0.2708	0.2476	0.0625	0.4589	0.7327	0.6067	0.6729	0.0811	14.1713
392	0.9515	0.8385	0.8051	0.8230	0.9327	0.5443	0.2003	0.6168	20.6882
393	0.7429	0.7379	0.5214	0.0685	0.3711	0.9208	0.5844	0.5383	12.4350
394	0.2689	0.3684	0.8953	0.6665	0.7874	0.4543	0.6302	0.2484	16.7896
395	0.7055	0.4276	0.4425	0.6493	0.9363	0.0640	0.8247	0.2924	19.3613
396	0.4439	0.0219	0.3010	0.5026	0.0562	0.4911	0.9271	0.1054	6.4044
397	0.7644	0.4097	0.6552	0.2602	0.1595	0.1605	0.0705	0.1856	12.2078
398	0.6642	0.8817	0.8141	0.6851	0.1104	0.2892	0.3098	0.2500	19.0173
399	0.5150	0.5356	0.3569	0.3538	0.8286	0.7893	0.3078	0.9138	15.7109
400	0.9528	0.3267	0.3544	0.5056	0.9411	0.8763	0.1026	0.3927	18.4799
401	0.5534	0.5031	0.1939	0.8588	0.6769	0.8379	0.8588	0.7484	21.5206
402	0.4392	0.6105	0.1604	0.6736	0.1793	0.6939	0.2296	0.1176	17.4025
403	0.1653	0.0020	0.7187	0.7324	0.5149	0.1614	0.0836	0.0191	10.8660
404	0.1657	0.8909	0.2415	0.3543	0.1053	0.2224	0.5192	0.6078	9.8797
405	0.2454	0.0577	0.3910	0.2342	0.2196	0.9599	0.6163	0.5569	4.1221
406	0.4158	0.4289	0.5409	0.6964	0.7021	0.1717	0.5001	0.4120	15.8228
407	0.8705	0.6314	0.5325	0.1154	0.6056	0.1172	0.3372	0.1428	14.0818
408	0.6921	0.2063	0.3919	0.8957	0.2043	0.5078	0.4193	0.0181	14.5478
409	0.7928	0.0690	0.4743	0.5607	0.6284	0.6886	0.2533	0.0100	10.4733
410	0.7234	0.5357	0.8361	0.8214	0.8433	0.4851	0.3336	0.7916	24.0721
411	0.4513	0.1834	0.8550	0.8826	0.4663	0.0757	0.3878	0.8035	16.2489
412	0.9018	0.2035	0.0670	0.8774	0.3894	0.5418	0.9681	0.0666	19.9212
413	0.6483	0.0741	0.3755	0.8038	0.4335	0.9972	0.5591	0.3212	12.0193
414	0.2201	0.3505	0.3725	0.0687	0.3696	0.4642	0.7227	0.6567	5.2601
415	0.7088	0.0084	0.2177	0.6617	0.4840	0.0053	0.8045	0.7728	10.8172
416	0.5484	0.0665	0.7665	0.5837	0.7820	0.7517	0.8030	0.5180	12.3101
417	0.1403	0.6712	0.6205	0.7423	0.1699	0.1950	0.8904	0.7500	11.4780
418	0.9082	0.7587	0.5972	0.6541	0.8891	0.5788	0.6324	0.1565	19.4626
419	0.4739	0.7164	0.2709	0.2023	0.3138	0.2415	0.2149	0.4249	13.3967
420	0.9078	0.5071	0.1879	0.0770	0.6962	0.3828	0.8218	0.6595	16.1208
421	0.7962	0.2719	0.6924	0.2641	0.9391	0.6364	0.3245	0.2695	14.3660
422	0.1909	0.6946	0.2187	0.5953	0.2646	0.6620	0.8149	0.7780	12.9057
423	0.7609	0.1877	0.0884	0.6989	0.3683	0.4323	0.0311	0.2596	16.5578
424	0.0337	0.8792	0.2434	0.5573	0.0390	0.6668	0.3230	0.8979	8.0140
425	0.8881	0.3253	0.9010	0.9962	0.8254	0.8449	0.2490	0.5767	25.1843
426	0.0673	0.0949	0.9989	0.3266	0.7482	0.8067	0.8580	0.9976	12.1857
427	0.2415	0.0404	0.4112	0.1301	0.0224	0.3604	0.7837	0.5662	1.8768
428	0.3128	0.6543	0.2320	0.0144	0.7644	0.6237	0.7623	0.0389	11.3976
429	0.8371	0.6195	0.5634	0.6246	0.8644	0.5869	0.5810	0.9907	20.6316
430	0.7567	0.4423	0.7074	0.3892	0.2289	0.5969	0.9282	0.9291	14.5785
431	0.3419	0.5277	0.2116	0.9956	0.9811	0.6495	0.8044	0.7151	21.8943
432	0.5932	0.0533	0.4548	0.6748	0.6775	0.3731	0.9417	0.1674	11.1689
433	0.5004	0.6909	0.6971	0.6486	0.2753	0.1562	0.6359	0.5993	17.4879
434	0.1794	0.7051	0.4552	0.6678	0.8374	0.1697	0.0191	0.7791	14.7741
435	0.6097	0.6996	0.8382	0.8028	0.9609	0.5359	0.4885	0.4019	24.8548
436	0.1537	0.5726	0.2770	0.9213	0.5832	0.5928	0.3549	0.0520	15.8532
437	0.0317	0.4233	0.0846	0.6068	0.8810	0.8829	0.6590	0.2112	14.3471
438	0.8630	0.8861	0.1967	0.7374	0.2865	0.8026	0.9972	0.0300	17.3844
439	0.8974	0.6226	0.9734	0.4650	0.8474	0.0624	0.3353	0.0670	23.1991
440	0.9753	0.8170	0.8525	0.9380	0.0851	0.3856	0.0710	0.2108	18.2491
441	0.2294	0.4691	0.2686	0.1010	0.1675	0.1473	0.9731	0.7593	6.2348
442	0.9678	0.4397	0.2784	0.7983	0.3263	0.2994	0.2325	0.1297	20.3244
443	0.2565	0.3553	0.6740	0.0626	0.2105	0.8090	0.1469	0.3426	5.1075
444	0.8647	0.1549	0.0827	0.4845	0.3024	0.5634	0.8038	0.1371	13.9249
445	0.5807	0.5055	0.1441	0.6240	0.2736	0.4878	0.0823	0.4596	18.1112
446	0.3065	0.8224	0.0570	0.4186	0.4584	0.7250	0.5743	0.6672	17.5196
447	0.7770	0.8622	0.3139	0.5380	0.8401	0.9895	0.8895	0.3715	18.8814
448	0.1952	0.4894	0.7416	0.4926	0.4832	0.8382	0.3614	0.8598	11.4652
449	0.4068	0.3282	0.4540	0.7624	0.1260	0.1964	0.9514	0.1755	12.3697
450	0.5677	0.5793	0.4896	0.6447	0.2298	0.5527	0.3722	0.6617	16.1884
451	0.1412	0.5709	0.1853	0.2786	0.2187	0.1828	0.8257	0.2857	8.3669
452	0.9271	0.9699	0.5713	0.1430	0.3745	0.7977	0.3674	0.0870	6.5171
453	0.5568	0.8451	0.7959	0.1751	0.6728	0.2205	0.2182	0.8741	16.8237
454	0.2497	0.2632	0.0007	0.8707	0.7926	0.6273	0.7503	0.1520	19.7068
455	0.4583	0.3512	0.0938	0.4861	0.9207	0.0401	0.2915	0.2075	17.6096
456	0.2381	0.9084	0.4681	0.4663	0.7606	0.1545	0.4873	0.4300	14.7715
457	0.5969	0.9996	0.7694	0.3979	0.8276	0.1707	0.0305	0.2044	19.1111
458	0.3404	0.5106	0.6151	0.9106	0.5099	0.5013	0.0502	0.0349	17.1134
459	0.5512	0.4382	0.8392	0.1607	0.0250	0.4490	0.2375	0.0496	10.9124
460	0.7246	0.1116	0.6083	0.2810	0.1735	0.3798	0.8014	0.3921	6.4257
461	0.7508	0.1255	0.7728	0.2369	0.6774	0.5658	0.9291	0.3873	10.1611
462	0.0662	0.0192	0.8269	0.5247	0.7752	0.2344	0.3451	0.0301	11.3001
463	0.9615	0.6679	0.9332	0.2655	0.6115	0.6785	0.3175	0.8481	18.4849
464	0.9472	0.8849	0.7391	0.2775	0.2816	0.9634	0.0103	0.7160	10.1955
465	0.7062	0.6227	0.9901	0.3119	0.3400	0.0789	0.4428	0.2610	19.4443
466	0.3434	0.8346	0.9355	0.1857	0.3725	0.9286	0.0618	0.0924	15.3481
467	0.1628	0.5952	0.1505	0.9681	0.4467	0.5015	0.2467	0.4710	17.3550
468	0.6619	0.7512	0.7539	0.5779	0.9044	0.8174	0.7570	0.0556	21.5893
469	0.0069	0.2124	0.6635	0.4112	0.4024	0.8846	0.8956	0.9092	6.7047
470	0.3139	0.6911	0.2716	0.1906	0.1846	0.3421	0.4300	0.8309	10.1714
471	0.1199	0.7349	0.5315	0.2879	0.4928	0.2999	0.5961	0.4338	8.0962
472	0.1644	0.1166	0.5467	0.9024	0.3440	0.7330	0.6587	0.9316	11.3893
473	0.8210	0.5666	0.6570	0.8984	0.3995	0.3268	0.0108	0.8266	21.4148
474	0.8010	0.1045	0.5769	0.4640	0.1187	0.9806	0.2147	0.0672	7.9498
475	0.5948	0.7389	0.0324	0.6587	0.5323	0.1033	0.1725	0.5680	23.4408
476	0.2964	0.9383	0.8187	0.9836	0.2597	0.9697	0.4312	0.3475	20.8324
477	0.0503	0.0528	0.6920	0.4579	0.2265	0.6140	0.2529	0.5776	6.5327
478	0.3592	0.8236	0.8207	0.4774	0.3508	0.3626	0.8057	0.3282	16.5969
479	0.2091	0.0847	0.4667	0.4821	0.8409	0.2212	0.3810	0.8084	9.6040
480	0.8236	0.3846	0.4591	0.3033	0.9326	0.1186	0.9337	0.6839	16.1176
481	0.5316	0.0327	0.4756	0.4077	0.1612	0.6564	0.9712	0.5622	5.4406
482	0.7148	0.0685	0.4177	0.1164	0.6128	0.9385	0.6618	0.0768	5.8941
483	0.3547	0.5507	0.4032	0.8336	0.8147	0.6118	0.3735	0.2553	18.3550
484	0.1059	0.3549	0.4132	0.6758	0.6582	0.0701	0.3953	0.1818	11.3775
485	0.1568	0.8273	0.0419	0.4192	0.1682	0.8793	0.5570	0.2314	13.1934
486	0.5024	0.7315	0.9581	0.2204	0.8862	0.9343	0.9164	0.6354	19.9791
487	0.6298	0.4032	0.7524	0.5313	0.6774	0.4285	0.7315	0.8245	17.1325
488	0.1464	0.8329	0.5403	0.8447	0.4313	0.3790	0.9151	0.2512	14.3744
489	0.8442	0.4840	0.5141	0.3085	0.5730	0.3252	0.0393	0.2720	15.5446
490	0.0064	0.9784	0.9657	0.3952	0.7284	0.3458	0.6711	0.8054	12.1279
491	0.9468	0.4002	0.7833	0.2659	0.9903	0.0258	0.6035	0.6595	18.5011
492	0.6880	0.1204	0.9385	0.1812	0.6228	0.2227	0.3072	0.5465	11.3447
493	0.4172	0.1602	0.1709	0.4181	0.7573	0.8980	0.0841	0.3931	12.2181
494	0.1002	0.0166	0.6617	0.6024	0.1630	0.2338	0.0237	0.8349	7.4149
495	0.9747	0.1355	0.2315	0.8684	0.9265	0.4196	0.0506	0.0394	18.7885
496	0.5739	0.3929	0.0287	0.5833	0.0113	0.7874	0.3064	0.0403	16.8389
497	0.5884	0.3977	0.9738	0.5442	0.2752	0.7094	0.2715	0.9042	18.0143
498	0.3747	0.5499	0.0506	0.4261	0.8324	0.8056	0.2243	0.2261	18.4932
499	0.8173	0.9304	0.0954	0.4501	0.3375	0.8707	0.0835	0.2111	16.2984
500	0.7525	0.0513	0.4925	0.4421	0.3344	0.3946	0.5299	0.1614	7.3038
